	City	Lat	Lng	Max Temp	Humidity	Cloudiness	Wind Speed	Country	Date
0	Albany	42.6	-73.97	6.11	83	90	1.3	US	1587797611
1	Ushuaia	-54.8	-68.3	2.0	94	75	3.6	AR	1587797467
2	Atuona	-9.8	-139.03	27.78	71	0	6.61	PF	1587797744
3	Bilma	18.69	12.92	31.0	11	9	3.28	NE	1587797744
4	Saint George	37.1	-113.58	19.0	32	1	2.6	US	1587797640
5	Souillac	-20.52	57.52	26.0	88	75	1.63	MU	1587797745
6	Carnarvon	-24.87	113.63	28.45	46	95	7.81	AU	1587797745
7	Port Elizabeth	-33.92	25.57	19.0	82	40	3.1	ZA	1587797745
8	Saint Paul Harbor	57.79	-152.41	6.0	87	90	8.2	US	1587797746
9	Cherskiy	68.75	161.3	-1.24	96	100	2.12	RU	1587797746
10	Mar del Plata	-38.0	-57.56	17.78	94	100	1.34	AR	1587797467
11	Saint-Philippe	-21.36	55.77	27.78	78	12	8.7	RE	1587797746
12	Arraial do Cabo	-22.97	-42.03	22.74	71	0	4.06	BR	1587797482
13	Punta Arenas	-53.15	-70.92	3.89	64	59	5.36	CL	1587797484
14	Busselton	-33.65	115.33	23.33	37	49	2.98	AU	1587797747
15	Qaraçala	39.81	48.95	11.45	60	100	1.32	AZ	1587797747
16	Kapaa	22.08	-159.32	24.0	83	75	6.7	US	1587797748
17	Jamestown	42.1	-79.24	2.22	64	1	1.5	US	1587797724
18	Pevek	69.7	170.31	-3.96	95	97	0.97	RU	1587797748
19	Kaitangata	-46.28	169.85	11.67	53	33	5.36	NZ	1587797749
20	Dikson	73.51	80.55	-6.51	97	97	7.2	RU	1587797749
21	Hobart	-42.88	147.33	18.0	55	75	6.2	AU	1587797700
22	Samaná	19.21	-69.34	24.02	86	3	3.66	DO	1587797750
23	Sur	22.57	59.53	33.97	32	11	2.45	OM	1587797750
24	Marfino	55.7	37.38	7.78	80	75	3.0	RU	1587797750
25	Bredasdorp	-34.53	20.04	15.0	93	3	1.0	ZA	1587797750
26	Avarua	-21.21	-159.78	25.0	83	58	1.5	CK	1587797605
27	Norrtälje	59.76	18.7	6.11	74	96	1.79	SE	1587797751
28	Barrow	71.29	-156.79	-18.0	77	1	6.2	US	1587797751
29	Buraidah	26.33	43.98	30.0	28	0	3.1	SA	1587797751
30	Progreso	21.28	-89.67	29.0	83	40	3.1	MX	1587797752
31	George Town	5.41	100.34	33.0	63	40	3.1	MY	1587797752
32	Visby	57.64	18.3	7.78	75	27	2.6	SE	1587797752
33	Dunedin	-45.87	170.5	12.78	61	59	7.52	NZ	1587797677
34	Palpa	-14.53	-75.19	22.02	55	10	1.23	PE	1587797753
35	Cape Town	-33.93	18.42	17.78	87	0	1.5	ZA	1587797753
36	Timrå	62.49	17.33	5.0	56	2	5.1	SE	1587797753
37	Mahébourg	-20.41	57.7	26.0	88	75	2.87	MU	1587797754
38	Rikitea	-23.12	-134.97	24.9	70	17	4.88	PF	1587797754
39	Masallātah	32.62	14.0	16.58	58	0	4.24	LY	1587797755
40	Chokurdakh	70.63	147.92	-5.48	97	0	1.11	RU	1587797755
41	Eureka	40.8	-124.16	13.33	100	90	2.1	US	1587797755
42	Yellowknife	62.46	-114.35	-11.0	66	90	5.1	CA	1587797755
43	Ossora	59.24	163.07	-1.64	97	99	5.71	RU	1587797756
44	Willowmore	-33.29	23.49	13.61	60	90	2.27	ZA	1587797756
45	Hasaki	35.73	140.83	18.89	48	20	7.2	JP	1587797757
46	Neiafu	-18.65	-173.98	27.0	88	75	2.29	TO	1587797545
47	Fenyi	27.81	114.67	24.91	38	78	1.34	CN	1587797757
48	Kampong Chhnang	12.17	104.55	35.05	43	56	3.73	KH	1587797758
49	Port Alfred	-33.59	26.89	17.78	97	90	0.45	ZA	1587797758
50	Kerema	-7.96	145.78	28.69	76	91	3.67	PG	1587797758
51	Muzhi	65.37	64.67	-2.08	93	15	4.94	RU	1587797758
52	Luohe	33.57	114.04	25.86	20	52	6.21	CN	1587797759
53	Viçosa	-20.75	-42.88	14.59	79	37	1.32	BR	1587797564
54	Airai	-8.93	125.41	21.75	52	68	2.54	TL	1587797759
55	‘Āhuimanu	21.44	-157.84	25.0	65	40	5.7	US	1587797760
56	Carauari	-4.88	-66.9	22.94	95	85	0.74	BR	1587797760
57	Romitan	39.93	64.38	18.0	72	40	5.1	UZ	1587797760
58	Vaini	-21.2	-175.2	25.0	94	75	3.1	TO	1587797760
59	Buala	-8.14	159.59	29.19	73	96	3.43	SB	1587797761
60	Srednekolymsk	67.45	153.68	-1.68	97	100	1.34	RU	1587797761
61	Lata	40.16	-8.33	14.44	88	96	1.69	PT	1587797762
62	Beringovskiy	63.05	179.32	-3.8	96	97	3.87	RU	1587797762
63	Lompoc	34.64	-120.46	15.0	76	1	5.32	US	1587797762
64	Bereda	43.27	-7.54	15.0	100	91	0.06	ES	1587797763
65	Meadow Lake	34.8	-106.54	13.89	18	1	4.1	US	1587797763
66	Los Llanos de Aridane	28.66	-17.92	16.0	63	20	2.6	ES	1587797763
67	La Ronge	55.1	-105.28	4.0	86	90	1.5	CA	1587797763
68	Ponta do Sol	32.67	-17.1	15.0	67	20	2.6	PT	1587797764
69	San Patricio	19.22	-104.7	22.24	72	80	2.64	MX	1587797764
70	São Filipe	14.9	-24.5	21.4	74	40	6.98	CV	1587797764
71	Grindavik	63.84	-22.43	4.0	86	40	7.7	IS	1587797764
72	Barcelos	41.54	-8.62	14.0	93	75	4.1	PT	1587797765
73	Cabo San Lucas	22.89	-109.91	22.22	40	1	4.78	MX	1587797541
74	Gamboma	-1.88	15.86	25.44	71	9	0.82	CG	1587797765
75	Kushima	31.46	131.23	22.0	30	75	7.7	JP	1587797765
76	Korla	41.76	86.15	23.68	14	68	3.64	CN	1587797766
77	Dongsheng	39.82	109.98	15.0	16	0	6.13	CN	1587797766
78	Exeter	50.72	-3.53	11.67	95	16	1.76	GB	1587797766
79	Broome	42.25	-75.83	6.67	75	90	3.1	US	1587797767
80	Timmins	48.47	-81.33	-3.0	53	40	0.97	CA	1587797525
81	Lorengau	-2.02	147.27	29.12	71	41	0.96	PG	1587797767
82	Naliya	23.27	68.83	32.25	48	15	9.37	IN	1587797767
83	Lagoa	39.05	-27.98	16.8	90	51	6.58	PT	1587797768
84	Olafsvik	64.89	-23.71	4.31	76	35	9.8	IS	1587797768
85	Paamiut	61.99	-49.67	0.43	94	92	2.28	GL	1587797768
86	Slonim	53.09	25.32	10.92	70	68	2.92	BY	1587797769
87	Maniitsoq	65.42	-52.9	1.51	85	89	4.31	GL	1587797769
88	Tilichiki	60.47	166.1	-3.32	96	20	1.92	RU	1587797769
89	Mataura	-46.19	168.86	11.67	71	34	5.36	NZ	1587797769
90	Lebu	-37.62	-73.65	13.83	89	89	7.81	CL	1587797770
91	Haines Junction	60.75	-137.51	-0.56	75	99	1.5	CA	1587797770
92	New Norfolk	-42.78	147.06	17.78	69	100	0.45	AU	1587797770
93	Kaoma	-14.78	24.8	17.92	51	30	2.28	ZM	1587797771
94	Castro	-24.79	-50.01	15.92	71	43	1.92	BR	1587797771
95	Campo de Criptana	39.4	-3.12	8.89	96	90	1.34	ES	1587797771
96	Portland	45.52	-122.68	13.33	87	20	4.6	US	1587797772
97	Paramonga	-10.67	-77.83	21.48	74	3	3.6	PE	1587797772
98	Tasiilaq	65.61	-37.64	4.0	92	88	6.7	GL	1587797772
99	Pula	44.87	13.85	15.0	58	45	3.6	HR	1587797773
100	Katangli	51.71	143.23	-0.17	98	99	0.3	RU	1587797773
101	Alta Floresta	-9.88	-56.09	21.76	90	27	0.88	BR	1587797773
102	Labuan	5.28	115.24	31.0	74	75	3.1	MY	1587797806
103	Mlimba	-8.8	35.82	25.19	71	66	0.67	TZ	1587797806
104	Kruisfontein	-34.0	24.73	15.36	85	68	2.41	ZA	1587797807
105	San Quintín	30.48	-115.95	19.59	70	0	0.6	MX	1587797807
106	Bambous Virieux	-20.34	57.76	28.33	88	75	3.39	MU	1587797807
107	Nikolskoye	59.7	30.79	3.89	37	0	5.0	RU	1587797807
108	Qaanaaq	77.48	-69.36	-6.52	84	100	3.01	GL	1587797808
109	Dongkan	34.0	119.83	22.8	33	0	5.66	CN	1587797808
110	Kavieng	-2.57	150.8	29.58	70	59	2.85	PG	1587797808
111	Saskylakh	71.92	114.08	2.17	97	73	5.75	RU	1587797809
112	Nanma	36.18	118.16	20.0	31	0	0.45	CN	1587797809
113	Tselina	46.53	41.03	13.15	46	15	1.84	RU	1587797809
114	Upernavik	72.79	-56.15	-1.11	92	7	2.0	GL	1587797809
115	Kholodnyy	62.72	147.95	-1.46	75	99	1.53	RU	1587797809
116	Port Blair	11.67	92.75	29.59	74	43	2.89	IN	1587797550
117	Nouakchott	18.09	-15.98	19.0	48	21	5.7	MR	1587797810
118	Hermanus	-34.42	19.23	15.98	84	8	6.59	ZA	1587797517
119	Fairbanks	64.84	-147.72	-1.0	39	1	4.1	US	1587797810
120	Haukipudas	65.18	25.35	2.22	55	49	9.8	FI	1587797811
121	Vogan	6.33	1.53	28.0	83	20	3.6	TG	1587797811
122	Bethany	45.56	-122.87	13.33	93	1	0.82	US	1587797811
123	Brigantine	39.41	-74.36	10.0	87	90	2.1	US	1587797811
124	Baharly	38.44	57.43	19.46	53	47	5.06	TM	1587797812
125	Pisco	-13.7	-76.22	20.0	77	8	2.1	PE	1587797812
126	Maceió	-9.67	-35.74	22.0	100	20	1.5	BR	1587797812
127	Portel	-1.94	-50.82	22.15	98	100	0.89	BR	1587797812
128	Kavaratti	10.57	72.64	32.0	75	40	3.1	IN	1587797812
129	Saldanha	-33.01	17.94	15.0	77	0	2.1	ZA	1587797813
130	Amapá	1.0	-52.0	22.06	94	99	0.73	BR	1587797813
131	Alofi	-19.06	-169.92	26.0	88	1	1.0	NU	1587797813
132	Brae	60.4	-1.35	7.0	70	96	0.5	GB	1587797814
133	Belyy Yar	53.6	91.39	30.0	10	85	5.0	RU	1587797814
134	Mandāwar	29.5	78.13	36.01	15	46	4.67	IN	1587797814
135	Bluff	-46.6	168.33	11.67	71	29	5.36	NZ	1587797814
136	Laas	46.62	10.7	11.11	75	75	2.6	IT	1587797815
137	Tabou	4.42	-7.35	25.76	88	100	2.13	CI	1587797815
138	East London	-33.02	27.91	18.0	82	75	6.7	ZA	1587797815
139	Arkhara	49.42	130.08	9.84	40	94	4.4	RU	1587797815
140	Bengkulu	-3.8	102.27	30.54	65	65	2.61	ID	1587797816
141	Katsuura	35.13	140.3	18.33	48	20	11.8	JP	1587797816
142	Helvécia	46.84	19.62	17.22	41	85	3.1	HU	1587797816
143	Lichinga	-13.31	35.24	18.0	82	40	4.6	MZ	1587797816
144	Izumo	35.37	132.77	21.0	32	20	9.8	JP	1587797816
145	Dalbandin	28.89	64.41	31.26	14	0	3.55	PK	1587797817
146	Havre-St-Pierre	50.23	-63.6	-4.0	85	1	1.5	CA	1587797817
147	Kongolo	-5.38	27.0	23.23	76	51	1.45	CD	1587797817
148	Morondava	-20.28	44.28	26.73	73	1	1.78	MG	1587797817
149	Lavrentiya	65.58	-171.0	-5.6	95	9	2.79	RU	1587797818
150	Casablanca	33.59	-7.62	16.0	87	75	2.6	MA	1587797603
151	Kilindoni	-7.91	39.67	27.55	78	7	6.4	TZ	1587797818
152	Sangīn	32.07	64.84	28.03	21	0	1.15	AF	1587797819
153	Khatanga	71.97	102.5	0.33	96	99	6.82	RU	1587797819
154	Walvis Bay	-22.96	14.51	13.89	100	90	1.0	NA	1587797819
155	Atikokan	48.76	-91.62	0.61	81	93	1.82	CA	1587797819
156	Hobyo	5.35	48.53	30.25	61	100	1.26	SO	1587797820
157	Geraldton	-28.77	114.6	22.0	68	75	4.6	AU	1587797820
158	Murgab	37.5	61.97	18.0	55	63	3.1	TM	1587797821
159	Krasnyy Chikoy	50.36	108.75	16.91	21	57	4.23	RU	1587797821
160	Butaritari	3.07	172.79	27.12	85	100	7.28	KI	1587797821
161	Teya	60.38	92.63	16.21	55	99	7.38	RU	1587797821
162	Cidreira	-30.18	-50.21	19.38	82	6	5.2	BR	1587797821
163	Kaeo	-35.1	173.78	16.11	77	14	1.34	NZ	1587797822
164	Kapit	2.02	112.93	31.14	59	100	0.77	MY	1587797822
165	Coolum Beach	-26.53	153.1	24.44	78	6	0.45	AU	1587797822
166	Charters Towers	-20.1	146.27	28.52	28	0	5.67	AU	1587797823
167	Hofn	64.25	-15.21	5.75	82	100	6.92	IS	1587797823
168	Viña del Mar	-33.02	-71.55	10.48	89	32	0.7	CL	1587797558
169	Dolores	-36.31	-57.68	15.94	92	94	0.71	AR	1587797823
170	Dingle	11.0	122.67	32.14	53	84	7.22	PH	1587797823
171	Puerto Escondido	15.85	-97.07	25.84	71	18	2.15	MX	1587797824
172	Aykhal	66.0	111.5	7.0	48	40	3.0	RU	1587797824
173	Nelson Bay	-32.72	152.15	24.0	50	0	4.1	AU	1587797824
174	Tautira	-17.73	-149.15	27.0	74	40	2.6	PF	1587797825
175	Leningradskiy	69.38	178.42	-3.63	92	12	1.45	RU	1587797825
176	New Ulm	44.31	-94.46	8.89	87	40	1.66	US	1587797825
177	Monrovia	6.3	-10.8	23.0	94	40	2.1	LR	1587797825
178	Parakai	-36.65	174.43	15.0	87	18	0.45	NZ	1587797825
179	Thompson	55.74	-97.86	-3.0	63	75	1.5	CA	1587797826
180	Faanui	-16.48	-151.75	27.86	73	61	3.76	PF	1587797826
181	Pingzhuang	42.04	119.29	12.89	29	31	6.4	CN	1587797826
182	Tuktoyaktuk	69.45	-133.04	-19.0	77	90	3.1	CA	1587797827
183	Zhob	31.34	69.45	23.5	25	0	2.74	PK	1587797827
184	Isangel	-19.55	169.27	24.0	88	90	7.5	VU	1587797827
185	Almaty	43.25	76.95	23.0	43	75	4.0	KZ	1587797190
186	Yola	9.2	12.48	27.99	58	65	2.26	NG	1587797820
187	Diego de Almagro	-26.37	-70.05	12.52	43	0	0.26	CL	1587797828
188	Barbalha	-7.31	-39.3	20.6	83	48	2.05	BR	1587797828
189	Malakal	9.53	31.66	33.53	30	26	2.13	SS	1587797828
190	Coyhaique	-45.58	-72.07	9.47	74	100	1.54	CL	1587797828
191	Guerrero Negro	27.98	-114.06	19.73	68	72	3.87	MX	1587797780
192	Caravelas	-17.71	-39.25	23.45	85	49	5.79	BR	1587797829
193	Plyussa	58.43	29.37	2.71	72	5	3.27	RU	1587797829
194	Byron Bay	-28.65	153.62	24.0	64	0	3.6	AU	1587797733
195	Alcañiz	41.05	-0.13	11.67	75	64	0.45	ES	1587797830
196	Severo-Kuril'sk	50.68	156.12	0.41	93	73	6.59	RU	1587797830
197	Sabang	5.89	95.32	30.1	67	40	2.78	ID	1587797830
198	Karaton	-6.34	106.1	33.89	52	100	1.79	ID	1587797830
199	Albina	5.5	-54.05	21.72	97	66	0.82	SR	1587797831
200	Makat	47.65	53.35	14.45	33	0	6.85	KZ	1587797831
201	Fortuna	40.6	-124.16	12.78	100	90	2.1	US	1587797831
202	Norman Wells	65.28	-126.83	-15.0	65	75	2.1	CA	1587797832
203	Shimoda	34.67	138.95	16.0	48	20	6.7	JP	1587797832
204	Yar-Sale	66.83	70.83	-1.48	98	94	2.33	RU	1587797832
205	Richards Bay	-28.78	32.04	23.02	82	17	7.73	ZA	1587797832
206	Te Anau	-45.42	167.72	9.12	60	35	3.21	NZ	1587797833
207	Koygorodok	60.45	51.0	1.4	76	0	3.97	RU	1587797833
208	Puerto Ayora	-0.74	-90.35	26.11	84	85	2.24	EC	1587797833
209	Kīhei	20.79	-156.47	23.0	73	1	5.7	US	1587797833
210	Hilo	19.73	-155.09	24.0	69	75	1.5	US	1587797834
211	Bihārīganj	25.73	86.98	31.59	42	0	5.6	IN	1587797834
212	Sitka	57.05	-135.33	8.0	81	90	2.56	US	1587797581
213	Tazovsky	67.47	78.7	-2.31	96	23	3.74	RU	1587797834
214	Alto Araguaia	-17.31	-53.22	19.68	79	0	1.69	BR	1587797834
215	Behshahr	36.69	53.55	14.0	87	90	2.1	IR	1587797835
216	Monroe	43.15	-77.68	5.0	60	90	0.58	US	1587797598
217	Narsaq	60.92	-46.05	9.0	31	75	9.3	GL	1587797835
218	Yarmouth	41.71	-70.23	6.11	81	1	2.1	US	1587797835
219	Iqaluit	63.75	-68.51	-2.0	68	75	1.0	CA	1587797836
220	Nanortalik	60.14	-45.24	2.67	83	90	9.88	GL	1587797836
221	Port-Gentil	-0.72	8.78	27.0	88	40	5.1	GA	1587797836
222	Birao	10.28	22.79	29.48	11	0	2.07	CF	1587797836
223	Iquique	-20.22	-70.14	16.76	58	20	0.49	CL	1587797837
224	Jālna	19.83	75.88	36.77	15	8	5.69	IN	1587797837
225	Hvolsvollur	63.75	-20.22	1.67	92	30	3.58	IS	1587797826
226	Goderich	43.75	-81.72	0.56	83	44	2.41	CA	1587797837
227	Jeremoabo	-10.07	-38.48	21.88	84	88	4.29	BR	1587797837
228	Lábrea	-7.26	-64.8	23.28	91	31	0.53	BR	1587797838
229	Sri Aman	1.24	111.46	32.0	70	75	2.1	MY	1587797838
230	Ilo	-17.64	-71.34	19.69	74	31	2.4	PE	1587797838
231	Nioro	13.35	-15.75	22.76	39	89	3.41	GM	1587797838
232	Klaksvík	62.23	-6.59	6.0	93	100	6.2	FO	1587797839
233	San Cristobal	7.77	-72.22	19.69	64	84	0.67	VE	1587797839
234	Ucluelet	48.93	-125.55	10.56	92	100	1.34	CA	1587797839
235	Banes	20.96	-75.72	26.0	78	2	3.1	CU	1587797839
236	Poum	-20.23	164.02	24.83	76	100	8.93	NC	1587797840
237	Bathsheba	13.22	-59.52	25.0	78	40	11.8	BB	1587797840
238	Cuenca	-2.88	-78.98	10.99	41	93	0.77	EC	1587797840
239	Bahile	10.0	118.79	34.0	67	40	7.2	PH	1587797840
240	Punta Cardon	11.66	-70.22	26.02	81	1	10.45	VE	1587797840
241	Provideniya	64.38	-173.3	-3.93	93	5	3.14	RU	1587797841
242	Puteyets	65.17	57.09	-1.83	95	87	5.46	RU	1587797841
243	Olinda	-8.01	-34.86	24.0	94	40	1.5	BR	1587797841
244	Lesosibirsk	58.24	92.48	24.01	25	95	6.65	RU	1587797842
245	Sharjah city	25.36	55.4	35.0	15	0	1.5	AE	1587797842
246	Hualmay	-11.1	-77.61	20.06	78	2	2.78	PE	1587797842
247	Moree	-29.47	149.85	28.0	26	0	0.76	AU	1587797842
248	Kaniama	-7.57	24.18	20.89	67	35	1.81	CD	1587797842
249	Chabahar	25.29	60.64	31.87	43	0	2.15	IR	1587797843
250	Belmonte	-15.86	-38.88	21.0	88	75	3.1	BR	1587797843
251	Chui	-33.7	-53.46	20.09	71	90	4.47	UY	1587797843
252	Dzilam González	21.28	-88.93	27.78	83	28	3.51	MX	1587797844
253	College	64.86	-147.8	-1.0	46	1	4.6	US	1587797844
254	Tarakan	3.3	117.63	29.22	67	80	2.71	ID	1587797844
255	Hithadhoo	-0.6	73.08	29.55	66	78	1.3	MV	1587797844
256	Gushikawa	26.35	127.87	22.0	56	75	4.1	JP	1587797845
257	Ust-Maya	60.42	134.53	5.35	62	78	2.8	RU	1587797845
258	Tromsø	69.65	18.96	2.0	64	75	9.8	NO	1587797845
259	Almenara	-16.18	-40.69	17.57	80	7	1.17	BR	1587797845
260	Along	28.17	94.77	23.98	49	98	0.2	IN	1587797846
261	Ensley	30.52	-87.27	20.0	82	1	2.6	US	1587797745
262	Basco	20.45	121.97	25.55	85	97	8.59	PH	1587797846
263	Plettenberg Bay	-34.05	23.37	16.69	79	53	1.02	ZA	1587797846
264	Pundaguitan	6.37	126.17	28.81	72	65	2.58	PH	1587797846
265	Rūdsar	37.14	50.29	13.0	87	75	3.1	IR	1587797847
266	Port Lincoln	-34.73	135.87	19.58	71	100	6.64	AU	1587797847
267	Biak	-0.91	122.88	28.59	72	94	1.97	ID	1587797847
268	Zaraza	9.35	-65.32	24.5	79	46	1.92	VE	1587797847
269	Ancud	-41.87	-73.82	13.33	93	100	1.79	CL	1587797847
270	Harper	4.38	-7.72	26.26	84	100	2.51	LR	1587797848
271	Popondetta	-8.75	148.25	28.8	69	27	2.35	PG	1587797848
272	Ginir	7.13	40.7	19.92	39	88	0.21	ET	1587797848
273	Emerald	-23.53	148.17	30.0	30	40	5.1	AU	1587797848
274	Scottsbluff	41.87	-103.67	6.0	81	75	2.6	US	1587797849
275	Ubari	26.59	12.78	22.95	25	25	5.24	LY	1587797849
276	Shunyi	40.12	116.65	23.33	11	3	4.0	CN	1587797849
277	Kiunga	-6.12	141.29	30.35	74	74	1.52	PG	1587797849
278	Bethel	41.37	-73.41	3.89	100	75	1.65	US	1587797565
279	Téra	14.01	0.75	31.96	33	58	5.94	NE	1587797850
280	Chokwé	-24.53	32.98	21.97	72	0	2.69	MZ	1587797850
281	Bodaybo	57.85	114.19	9.06	46	87	1.44	RU	1587797850
282	Chakwal	32.93	72.86	31.0	33	87	4.1	PK	1587797850
283	Praia	14.92	-23.51	21.0	68	75	6.2	CV	1587797653
284	Hamilton	39.18	-84.53	11.67	100	1	1.77	US	1587797851
285	Erie	42.77	-78.67	4.44	55	75	0.86	US	1587797851
286	Gamba	-2.65	10.0	25.36	91	100	3.38	GA	1587797851
287	Hong Kong	22.29	114.16	23.89	73	40	3.1	HK	1587797731
288	San-Pédro	4.75	-6.64	25.51	89	100	2.65	CI	1587797852
289	Flinders	-34.58	150.86	25.0	67	1	0.89	AU	1587797852
290	Altay	47.87	88.12	21.44	15	0	3.25	CN	1587797852
291	Boca do Acre	-8.75	-67.4	22.46	90	97	0.67	BR	1587797853
292	Codrington	-38.27	141.97	18.55	64	62	4.43	AU	1587797853
293	Yeppoon	-23.13	150.73	27.0	42	4	4.6	AU	1587797853
294	São João da Barra	-21.64	-41.05	19.31	83	13	3.75	BR	1587797591
295	Saint-Pierre	-21.34	55.48	27.78	78	5	8.7	RE	1587797854
296	Santarém	-2.44	-54.71	25.0	94	90	2.1	BR	1587797854
297	Jega	12.22	4.38	29.52	52	82	4.62	NG	1587797854
298	Åmot	59.57	7.99	3.89	76	11	0.45	NO	1587797855
299	Zhigansk	66.77	123.37	1.11	88	35	4.66	RU	1587797855
300	Broken Hill	-31.95	141.43	28.0	26	34	5.1	AU	1587797855
301	Diffa	13.32	12.61	28.17	13	2	2.27	NE	1587797855
302	Envira	-7.3	-70.22	22.22	91	100	0.55	BR	1587797856
303	Mali	12.08	-12.3	29.0	35	98	2.1	GN	1587797856
304	Makakilo City	21.35	-158.09	24.0	77	40	2.1	US	1587797649
305	Verkhovazh'ye	60.75	42.05	1.32	82	98	2.24	RU	1587797856
306	Luwuk	-0.95	122.79	29.65	70	97	1.57	ID	1587797856
307	Longyearbyen	78.22	15.64	-6.0	62	13	4.1	SJ	1587797857
308	Meulaboh	4.14	96.13	30.32	65	36	2.1	ID	1587797617
309	Lusambo	-4.97	23.45	24.7	65	3	0.97	CD	1587797857
310	Røros	62.57	11.38	2.0	80	83	5.1	NO	1587797857
311	Valencia	39.33	-0.83	13.33	93	20	1.5	ES	1587797857
312	Chistogorskiy	53.98	87.38	24.62	20	96	5.05	RU	1587797858
313	Gizo Government Station	-8.1	156.84	29.76	69	95	2.15	SB	1587797858
314	Okato	-39.2	173.88	15.56	79	0	0.45	NZ	1587797858
315	Acajutiba	-11.66	-38.02	21.37	93	36	2.77	BR	1587797661
316	Southbury	41.48	-73.21	3.33	100	90	1.33	US	1587797859
317	Mahibadhoo	3.78	72.97	29.13	71	76	4.42	MV	1587797859
318	Channel-Port aux Basques	47.57	-59.14	0.48	94	100	5.98	CA	1587797860
319	Nabire	-3.37	135.48	31.36	59	55	2.9	ID	1587797860
320	Quatre Cocos	-20.21	57.76	28.33	88	75	3.79	MU	1587797860
321	Barcelona	41.39	2.16	16.11	82	20	2.6	ES	1587797568
322	Finschhafen	-6.6	147.87	29.17	66	61	3.06	PG	1587797861
323	Westport	41.14	-73.36	6.0	87	1	1.5	US	1587797721
324	Pangai	-19.8	-174.35	26.0	83	75	1.0	TO	1587797861
325	Homer	59.64	-151.55	7.0	65	1	1.5	US	1587797848
326	Pangnirtung	66.15	-65.71	-0.8	90	100	3.21	CA	1587797862
327	Ribeira Grande	38.52	-28.7	17.0	82	75	4.6	PT	1587797862
328	Taksimo	56.34	114.88	8.38	40	37	0.86	RU	1587797862
329	Carroll	39.55	-77.02	7.78	100	90	1.03	US	1587797862
330	Mandalgovi	45.76	106.27	16.02	18	15	8.99	MN	1587797863
331	Pacific Grove	36.62	-121.92	14.0	82	1	1.5	US	1587797863
332	Worcester	42.33	-71.83	4.0	80	20	1.3	US	1587797863
333	Ostrovnoy	68.05	39.51	0.3	96	100	8.75	RU	1587797863
334	Port Augusta	-32.5	137.77	27.78	47	90	8.2	AU	1587797863
335	Marawi	8.0	124.29	30.0	77	74	3.58	PH	1587797864
336	Pangody	65.85	74.49	-0.08	97	95	6.22	RU	1587797864
337	Vardø	70.37	31.11	0.49	95	100	17.04	NO	1587797864
338	Rio Grande	-32.03	-52.1	16.67	95	53	4.13	BR	1587797864
339	Colares	38.8	-9.45	14.44	82	20	3.1	PT	1587797865
340	Shelburne	44.08	-80.2	1.67	92	1	0.63	CA	1587797865
341	Faya	18.39	42.45	23.0	46	26	4.1	SA	1587797865
342	Elliot	-31.33	27.85	11.76	53	87	1.2	ZA	1587797865
343	Makkah al Mukarramah	21.43	39.83	32.93	22	0	2.7	SA	1587797693
344	Sibolga	1.74	98.78	29.17	74	97	1.59	ID	1587797866
345	Esperance	-33.87	121.9	20.0	77	40	7.7	AU	1587797866
346	Pemba	-12.97	40.52	26.0	78	20	5.7	MZ	1587797704
347	Tonstad	58.66	6.72	8.89	59	53	0.48	NO	1587797866
348	Den Helder	52.96	4.76	9.44	65	90	4.1	NL	1587797866
349	Esim	4.87	-2.24	26.58	84	96	4.11	GH	1587797867
350	Kigoma	-4.88	29.63	22.0	94	75	5.85	TZ	1587797867
351	Ilhabela	-23.78	-45.36	22.11	77	26	4.12	BR	1587797867
352	Muros	42.78	-9.06	13.89	92	83	1.41	ES	1587797867
353	Chulym	55.1	80.96	11.48	43	100	5.74	RU	1587797868
354	Pāli	25.77	73.33	35.19	24	0	5.31	IN	1587797868
355	Sakakah	29.97	40.21	23.0	38	5	9.3	SA	1587797868
356	Alekseyevka	50.63	38.69	12.24	67	93	5.47	RU	1587797869
357	Soyaux	45.65	0.2	15.0	87	74	2.1	FR	1587797869
358	Fort Nelson	58.81	-122.7	2.0	64	20	7.2	CA	1587797869
359	Leshukonskoye	64.9	45.76	-1.18	94	100	6.06	RU	1587797869
360	Dillon	34.42	-79.37	18.89	88	1	2.68	US	1587797870
361	Severnyy	50.68	36.55	15.0	38	98	4.0	RU	1587797870
362	Yizheng	24.67	103.43	9.13	52	100	1.49	CN	1587797871
363	Popova	42.96	131.72	7.0	75	40	7.0	RU	1587797871
364	Soure	-0.72	-48.52	25.07	87	100	1.96	BR	1587797708
365	Oranjemund	-28.55	16.43	17.73	76	0	1.25	NA	1587797871
366	Tiksi	71.69	128.87	-0.36	94	29	5.3	RU	1587797872
367	Pyaozerskiy	65.83	31.17	-0.54	91	100	8.21	RU	1587797872
368	Clyde River	70.47	-68.59	-11.0	85	90	6.2	CA	1587797872
369	Traverse City	44.76	-85.62	0.56	77	1	1.71	US	1587797872
370	Mago	53.25	140.18	1.6	89	100	3.96	RU	1587797872
371	Il’inskiy	55.62	38.12	7.78	70	75	4.0	RU	1587797873
372	Semey	50.41	80.23	14.0	58	75	5.0	KZ	1587797873
373	Chara	56.91	118.26	4.86	48	63	0.36	RU	1587797873
374	Necochea	-38.55	-58.74	13.33	99	100	0.89	AR	1587797874
375	Saint-Augustin	51.23	-58.65	-2.69	97	18	5.04	CA	1587797874
376	Puri	19.8	85.85	28.0	69	75	5.1	IN	1587797874
377	Saint-Joseph	-21.37	55.62	27.78	78	7	8.7	RE	1587797875
378	Emba	48.83	58.14	11.45	37	0	5.67	KZ	1587797875
379	Canutama	-6.53	-64.38	23.35	94	43	0.92	BR	1587797875
380	San Andrés	12.58	-81.7	28.0	74	40	4.1	CO	1587797875
381	Semikarakorsk	47.52	40.81	16.0	41	4	5.0	RU	1587797875
382	Santa Fe	-31.63	-60.7	22.78	72	89	3.13	AR	1587797876
383	Torbay	47.67	-52.73	1.11	95	90	3.6	CA	1587797876
384	Kasempa	-13.46	25.83	17.29	53	5	2.96	ZM	1587797876
385	Aklavik	68.22	-135.01	-21.0	76	20	2.6	CA	1587797876
386	Cockburn Town	21.46	-71.14	26.24	81	16	10.27	TC	1587797815
387	Atambua	-9.11	124.89	28.42	59	65	1.03	ID	1587797877
388	Cap-Haïtien	19.76	-72.2	26.05	78	28	1.93	HT	1587797619
389	Talakan	50.32	130.37	9.46	40	77	3.39	RU	1587797877
390	Zhuhai	22.28	113.57	22.0	77	40	3.6	CN	1587797877
391	Acarí	-15.43	-74.62	20.84	66	21	1.4	PE	1587797878
392	Rabat	33.99	-6.84	17.78	93	75	4.1	MA	1587797878
393	Aizkraukle	56.6	25.26	6.11	43	32	6.71	LV	1587797766
394	Shipunovo	52.16	82.22	14.94	55	100	5.13	RU	1587797878
395	Chāndbāli	20.78	86.77	31.75	63	59	6.76	IN	1587797879
396	Tessalit	20.2	1.01	27.27	15	10	2.39	ML	1587797879
397	Chumphon	10.33	98.83	36.0	53	40	4.1	TH	1587797879
398	Half Moon Bay	37.46	-122.43	17.0	63	1	4.13	US	1587797879
399	Mandera	3.94	41.87	26.92	57	82	0.56	KE	1587797880
400	Liaozhong	41.51	122.72	15.0	19	10	6.0	CN	1587797880
401	Nantucket	41.28	-70.1	6.11	93	90	3.6	US	1587797880
402	Ishigaki	24.34	124.16	23.0	69	75	5.1	JP	1587797880
403	Lukh	57.01	42.26	4.25	81	98	2.82	RU	1587797881
404	Novopokrovka	49.84	36.55	12.51	55	93	5.59	UA	1587797881
405	Mossamedes	-15.2	12.15	23.31	70	0	2.34	AO	1587797881
406	Susaki	33.37	133.28	18.0	45	40	4.6	JP	1587797881
407	Midland	32.0	-102.08	19.0	36	1	5.1	US	1587797881
408	Marsh Harbour	26.54	-77.06	26.47	80	100	5.17	BS	1587797882
409	Benguela	-12.58	13.41	25.0	94	75	0.58	AO	1587797882
410	Abhā	18.22	42.51	23.0	46	32	4.1	SA	1587797882
411	Bānswāra	23.55	74.45	35.61	16	1	6.83	IN	1587797882
412	Champerico	14.3	-91.92	28.41	70	2	2.06	GT	1587797883
413	Siniscola	40.57	9.69	15.0	82	0	2.1	IT	1587797883
414	Bossangoa	6.49	17.46	25.57	61	1	2.33	CF	1587797883
415	Samarai	-10.62	150.67	28.78	75	75	3.98	PG	1587797883
416	Sioux Lookout	50.1	-91.92	0.0	79	5	1.7	CA	1587797883
417	Skjervøy	70.03	20.97	1.98	83	100	14.05	NO	1587797884
418	Ozernovskiy	51.5	156.52	0.21	96	100	3.83	RU	1587797884
419	Finnsnes	69.23	17.98	1.0	80	75	14.4	NO	1587797884
420	Rājāpur	25.38	81.15	39.78	12	6	1.43	IN	1587797885
421	Adrar	20.5	-10.07	22.43	19	53	5.38	MR	1587797885
422	San Jose	37.34	-121.89	17.22	67	20	2.1	US	1587797732
423	Sept-Îles	50.2	-66.38	-1.11	74	5	1.0	CA	1587797885
424	Tourlaville	49.64	-1.57	11.67	93	79	4.6	FR	1587797885
425	Barra de Tecoanapa	16.52	-98.75	23.8	76	17	1.83	MX	1587797886
426	Kikwit	-5.04	18.82	23.49	75	20	1.4	CD	1587797886
427	Bambari	5.77	20.68	27.71	55	61	0.91	CF	1587797886
428	Kjøllefjord	70.95	27.35	-0.8	97	100	14.65	NO	1587797887
429	Salalah	17.02	54.09	31.0	70	20	3.1	OM	1587797887
430	Marivan	35.52	46.18	19.42	24	87	4.51	IR	1587797887
431	Pringsewu	-5.36	104.97	31.77	57	100	1.62	ID	1587797887
432	Harlingen	26.19	-97.7	26.67	94	90	4.1	US	1587797887
433	Berlevåg	70.86	29.09	-0.35	97	100	15.39	NO	1587797888
434	Okmulgee	35.62	-95.96	13.0	76	40	3.6	US	1587797888
435	Bonfim	3.08	-59.95	26.12	65	56	4.66	BR	1587797888
436	Palmer	42.16	-72.33	2.78	100	1	0.69	US	1587797889
437	Prieska	-29.66	22.75	18.49	40	57	1.67	ZA	1587797889
438	Rio Claro	-22.41	-47.56	17.07	79	1	1.19	BR	1587797889
439	Orbetello	42.44	11.22	11.0	40	5	3.0	IT	1587797890
440	Juneau	58.3	-134.42	6.0	87	90	3.1	US	1587797632
441	Kumul	42.8	93.45	25.79	8	0	1.0	CN	1587797890
442	Bandarbeyla	9.49	50.81	29.28	66	66	2.46	SO	1587797890
443	Kuito	-12.38	16.93	16.0	82	0	0.45	AO	1587797891
444	Suihua	46.64	127.0	10.42	39	49	5.9	CN	1587797891
445	Kowary	50.79	15.84	6.67	69	36	6.81	PL	1587797891
446	Uchiza	-8.46	-76.46	21.22	68	96	1.28	PE	1587797891
447	Tshikapa	-6.42	20.8	22.95	72	13	0.93	CD	1587797704
448	Campoverde	-8.48	-74.81	25.25	77	99	0.17	PE	1587797892
449	El Vigia	8.62	-71.65	25.2	69	16	0.73	VE	1587797892
450	Burnie	-41.07	145.92	15.0	94	100	3.58	AU	1587797893
451	Zonguldak	41.25	31.83	9.68	51	10	1.74	TR	1587797893
452	Nyurba	63.28	118.33	8.5	61	64	3.1	RU	1587797893
453	Zelenets	61.88	50.75	3.0	34	95	6.0	RU	1587797893
454	Tomatlán	19.93	-105.25	19.96	62	32	2.0	MX	1587797894
455	Esna	25.29	32.55	23.0	56	0	1.5	EG	1587797894
456	Farafangana	-22.82	47.83	23.72	78	0	1.66	MG	1587797894
457	Cochrane	51.18	-114.47	6.67	55	1	3.1	CA	1587797894
458	Baykit	61.67	96.37	14.67	72	100	3.72	RU	1587797894
459	Harrismith	-28.27	29.13	14.18	39	73	0.8	ZA	1587797895
460	Flin Flon	54.77	-101.86	0.4	87	100	3.44	CA	1587797895
461	Umluj	25.02	37.27	29.79	39	0	5.79	SA	1587797895
462	Midyat	37.42	41.34	13.0	93	75	3.1	TR	1587797895
463	Ballitoville	-29.54	31.21	22.0	73	6	4.1	ZA	1587797896
464	Itoman	26.12	127.67	22.0	56	75	3.6	JP	1587797896
465	Boddam	57.47	-1.78	7.22	81	75	5.1	GB	1587797896
466	Sola	-13.88	167.55	27.0	83	75	2.6	VU	1587797896
467	Weyburn	49.67	-103.85	6.27	69	72	3.39	CA	1587797896
468	São José da Coroa Grande	-8.9	-35.15	25.88	78	13	3.21	BR	1587797897
469	Mafinga	-7.25	35.07	22.03	62	50	0.09	TZ	1587797897
470	Garoowe	8.41	48.48	28.59	50	100	2.9	SO	1587797635
471	Salto	-31.38	-57.97	21.67	70	13	3.13	UY	1587797668
472	Chapleau	47.84	-83.4	-1.58	88	57	0.98	CA	1587797898
473	Kitimat	54.05	-128.65	8.33	89	98	0.42	CA	1587797898
474	Pedreiras	-4.57	-44.6	22.75	97	98	0.69	BR	1587797898
475	Taos	36.41	-105.57	6.0	28	1	2.1	US	1587797898
476	Pinega	64.7	43.39	-0.74	95	99	6.19	RU	1587797899
477	Tura	25.52	90.22	27.69	50	29	1.49	IN	1587797899
478	Wamba	8.93	8.6	26.0	69	99	1.57	NG	1587797899
479	Chernyshevskiy	63.01	112.47	6.21	73	100	3.13	RU	1587797899
480	Gravdal	68.12	13.5	3.0	64	94	8.7	NO	1587797900
481	Sinnamary	5.38	-52.95	25.64	82	64	4.34	GF	1587797900
482	Kununurra	-15.77	128.73	39.0	18	0	4.6	AU	1587797900
483	Pilar de la Horadada	37.87	-0.79	15.56	87	40	3.1	ES	1587797782
484	Prince Rupert	54.32	-130.32	8.0	82	90	2.6	CA	1587797901
485	Vostok	46.49	135.88	5.61	48	100	1.08	RU	1587797901
486	Marabu	4.41	114.01	30.0	84	75	3.6	MY	1587797901
487	Luwero	0.85	32.47	21.72	61	98	0.63	UG	1587797901
488	Tigzirt	36.89	4.12	18.07	67	82	1.87	DZ	1587797902
489	Evensk	61.95	159.23	0.98	87	0	1.21	RU	1587797902
490	Esmeraldas	-19.76	-44.31	18.0	82	3	3.6	BR	1587797902
491	Yulara	-25.24	130.99	36.0	14	0	4.1	AU	1587797903
492	Vila Franca do Campo	37.72	-25.43	16.0	93	75	5.7	PT	1587797903
493	Zeya	53.75	127.27	8.22	45	99	4.24	RU	1587797903
494	Dongying	37.46	118.49	16.63	29	0	5.2	CN	1587797903
495	Wanning	18.8	110.4	22.97	85	100	5.31	CN	1587797903
496	Kenai	60.55	-151.26	7.0	70	20	4.6	US	1587797904
497	Shaunavon	49.65	-108.42	5.46	46	38	2.17	CA	1587797904
498	Esil	51.96	66.4	11.09	42	9	7.36	KZ	1587797904
499	Mananjary	-21.22	48.33	24.73	77	46	2.41	MG	1587797904
500	Mujiayingzi	42.12	118.78	11.39	30	50	6.79	CN	1587797905
501	Piaçabuçu	-10.41	-36.43	24.8	86	65	2.04	BR	1587797905
502	Coaldale	49.72	-112.62	7.22	52	1	7.7	CA	1587797905
503	Nome	64.5	-165.41	2.0	69	1	4.6	US	1587797905
504	Zhaodong	46.08	125.98	11.67	32	40	7.0	CN	1587797906
505	Ilulissat	69.22	-51.1	4.0	48	0	4.1	GL	1587797906
506	Kropotkin	45.44	40.58	13.29	49	0	2.07	RU	1587797906
507	Aitape	-3.14	142.35	29.55	71	18	2.91	PG	1587797906
508	Henties Bay	-22.12	14.28	13.89	96	75	0.93	NA	1587797906
509	Sabla	12.75	4.71	29.42	51	58	4.5	NG	1587797907
510	Mount Gambier	-37.83	140.77	18.0	77	72	4.6	AU	1587797907
511	Waingapu	-9.66	120.26	29.98	64	58	7.48	ID	1587797907
512	Lüderitz	-26.65	15.16	13.0	100	0	1.5	NA	1587797907
513	Kupang	-10.17	123.58	30.16	66	88	8.57	ID	1587797908
514	Kahului	20.89	-156.47	23.0	73	1	5.7	US	1587797640
515	Aswān	24.09	32.91	23.96	42	0	7.43	EG	1587797908
516	Baruun-Urt	46.68	113.28	11.39	23	98	2.67	MN	1587797909
517	Sindou	10.67	-5.17	24.73	63	94	1.78	BF	1587797909
518	Vestmannaeyjar	63.44	-20.27	5.37	74	46	5.13	IS	1587797909
519	Sobolevo	54.43	31.9	7.27	80	100	3.02	RU	1587797909
520	Noumea	-22.28	166.46	23.0	64	99	4.6	NC	1587797899
521	Okhotsk	59.38	143.3	3.47	74	74	1.79	RU	1587797910
522	Almirante	9.3	-82.4	17.22	96	94	1.09	PA	1587797910
523	Aginskoye	51.1	114.53	12.35	28	17	3.21	RU	1587797910
524	Kargasok	59.06	80.86	10.29	44	40	5.61	RU	1587797911
525	Imeni Poliny Osipenko	52.42	136.49	4.33	65	100	7.12	RU	1587797911
526	Tadine	-21.55	167.88	23.23	69	100	5.33	NC	1587797911
527	Antalya Province	36.77	30.72	18.0	48	40	3.1	TR	1587797911
528	Marathon	44.9	-89.77	6.0	75	1	2.6	US	1587797912
529	Khani	41.96	42.96	16.0	41	75	7.7	GE	1587797912
530	Aksu	41.12	80.26	22.67	19	19	1.76	CN	1587797912
531	Mehamn	71.04	27.85	-0.86	97	100	14.81	NO	1587797913
532	Normandin	48.83	-72.53	-3.0	38	5	3.6	CA	1587797913
533	Opuwo	-18.06	13.84	17.25	43	0	1.47	NA	1587797913
534	Cap-aux-Meules	47.38	-61.86	1.45	85	100	3.8	CA	1587797913
535	Belaya Gora	68.53	146.42	-1.11	97	100	0.77	RU	1587797914
536	Calama	-22.47	-68.93	10.46	17	0	3.02	CL	1587797914
537	Quelimane	-17.88	36.89	23.0	94	75	1.5	MZ	1587797704
538	Kattivākkam	13.22	80.32	36.0	50	20	3.6	IN	1587797914
539	Kuragino	53.9	92.67	27.46	18	93	2.9	RU	1587797915
540	Tāybād	34.74	60.78	19.03	39	25	2.57	IR	1587797915
541	Kosh-Agach	50.0	88.67	15.96	12	0	2.64	RU	1587797915
542	At-Bashi	41.17	75.81	15.39	17	85	3.03	KG	1587797915
543	Torrevieja	37.98	-0.68	16.11	87	40	3.1	ES	1587797916
544	Yārāda	17.65	83.27	34.0	59	75	5.7	IN	1587797916
545	Pascagoula	30.37	-88.56	16.11	87	1	1.5	US	1587797916
546	Omboué	-1.57	9.26	26.53	87	100	2.79	GA	1587797916
547	Conceição do Mato Dentro	-19.04	-43.42	16.27	76	29	0.55	BR	1587797917
